583123.8
1118478.5
1384986.8
770125.75
608579.5
608236.5
207965.22
226574.56
60460.516
105374.91
96698.805
126810.92
116281.09
114774.4
78038.414
38355.086
30869.582
29849.066
17707.803
41588.29
30670.35
12314.711
9349.0
11639.848
10160.369
10265.593
11158.996
12357.875
8576.022
7662.1333
7016.8193
4890.6562
8963.793
5308.0767
4392.824
4126.0835
9410.554
5412.792
5085.773
4205.9927
3290.6594
3559.1038
5864.553
2992.8813
3343.7212
3220.8877
3686.9658
3484.5933
2048.829
2405.009
2025.1614
3325.1025
2813.879
2843.8833
2429.6458
1139.9878
997.5039
1189.7191
658.6725
1751.0413
1363.3842
2239.9307
888.7466
1585.9766
1190.7468
1819.2528
1026.6256
1184.0133
1095.2407
2530.0054
1348.828
544.0321
1002.4933
2883.2607
985.1648
1506.8245
911.61676
966.3323
537.42004
1600.6775
373.7675
1313.6338
990.65826
655.5888
1346.9233
818.45654
829.62103
253.4901
1041.5995
617.0445
753.32043
410.9983
728.75146
311.63025
699.99146
114.870544
357.08817
423.03418
1045.4156
251.16669
743.8995
225.7536
801.2062
495.1469
298.61685
243.78171
1310.4885
1059.2773
721.9935
1119.9714
778.5666
424.92023
723.2139
111.97089
698.875
198.47708
501.8511
108.75531
742.43774
492.77792
180.37015
391.90836
375.997
319.62354
49.425293
456.7578
211.71504
349.35785
184.51825
306.8524
22.299713
143.05963
115.59686
293.7592
289.39026
714.1162
206.89996
180.3595
28.651123
175.567
469.707
145.97604
332.01355
528.8521
295.92996
1088.2601
691.7562
478.58875
366.7257
394.93042
10.624786
803.83844
324.69073
394.54208
169.89719
617.953
649.2004
292.2797
596.871
0.0
199.85968
71.5423
312.3988
374.4503
342.74707
108.16234
388.1438
289.52246
352.60876
205.06055
216.17776
148.16019
212.5922
258.51117
55.853485
139.25308
12.880936
89.03937
102.5773
295.36185
420.7002
189.22504
272.35397
365.0547
655.6721
1.4584961
162.70685
81.331116
412.54453
166.4686
268.2661
36.885254
84.302216
32.326904
86.78479
118.23636
0.0
350.7196
197.07077
305.41794
1.2015381
255.7276
738.39404
34.940186
26.653809
33.124603
123.66919
370.62457
67.158966
452.4276
166.39893
432.12473
61.280823
445.6157
122.471375
318.99277
286.71622
188.0191
41.49823
134.81169
260.17816
239.50647
112.83435
79.98065
116.582886
139.79459
59.51059
14.259033
23.819458
192.2677
12.2708435
70.02118
106.79132
0.0
97.31439
0.0
301.0186
95.3645
112.61844
38.462433
118.17377
10.93364
210.07257
59.381897
50.816406
44.455322
70.80786
225.30945
95.463715
0.0
0.0
59.724213
0.0
111.51666
90.143616
74.925415
379.37323
347.39423
65.10242
0.0
0.0
303.3017
94.598206
48.212006
0.0
22.089172
42.96881
144.93402
78.461426
396.76013
127.487854
13.790039
0.0
163.32233
235.01752
155.7323
70.38599
101.13489
0.0
33.656647
62.67566
176.75403
132.07043
88.38052
29.73108
9.733566
92.534424
71.861176
17.011475
187.5433
0.0
223.99219
0.0
44.85498
141.85257
92.65016
50.876007
54.016968
0.0
0.0
0.0
44.196747
11.184692
220.2196
8.945129
18.732544
4.179596
0.0
0.0
0.0
142.13802
20.463593
0.0
0.0
0.0
0.0
0.0
31.225159
0.0
6.981659
0.0
9.762451
27.011108
0.0
0.0
0.0
0.0
0.0
59.79474
0.0
62.68689
54.834198
95.60916
79.57422
42.75296
0.0
0.0
15.890503
0.0
0.0
52.924988
0.0
2.505249
0.0
0.0
9.419373
0.0
13.435455
0.0
0.0
35.947693
0.0
20.752747
0.0
0.0
