4679094.5
4768256.5
4564838.5
2534757.0
2304176.2
705773.8
792473.44
1281335.8
1267116.4
959699.8
551839.56
301379.38
252771.36
252751.44
338262.56
388758.97
313849.25
329773.25
239103.06
199748.14
160555.05
157614.17
189435.42
66938.555
65480.11
64857.17
96028.94
80020.37
110293.59
107419.42
95735.67
77925.27
71183.836
89497.1
58585.523
49010.227
31237.877
51074.8
37365.312
36971.703
24212.385
50362.97
39749.85
52030.94
25789.41
31611.965
24606.4
43581.406
46666.53
35839.97
34850.324
59402.04
36039.246
32729.75
45535.95
41818.16
21423.09
44686.836
15807.28
29030.41
13947.269
24521.322
25507.518
15848.638
24541.734
15170.95
19411.062
30230.578
31755.244
20073.482
16433.166
24104.66
21234.4
22449.84
17286.092
17548.398
12667.771
25698.795
3745.0422
26564.145
13439.293
20271.807
9406.684
7656.2905
13968.188
14572.098
16373.738
18209.738
14897.378
8881.479
21269.217
12397.589
10342.928
13303.551
15240.532
20408.756
16101.009
4834.839
11454.42
22906.516
12516.673
20548.27
10882.451
8728.786
12830.3
10716.395
7513.1245
6457.621
16879.723
10936.577
19450.176
9483.966
9770.245
7832.7886
11076.62
23233.623
2459.0671
15619.893
3412.4424
18681.365
11174.911
12079.65
12313.347
13899.709
18427.24
6650.82
14028.665
8042.2725
16548.3
13532.55
4078.7712
7857.845
6188.009
5225.845
9566.479
3994.6812
10980.075
7411.0933
14964.95
5090.8315
13169.808
7808.226
17850.467
12731.866
8936.45
2849.414
13149.273
10540.315
7656.59
2633.185
11087.129
3215.9521
5950.323
2442.1826
17606.926
4549.4067
13599.19
4802.1733
7373.0493
15625.557
12906.173
8456.651
2051.5886
15397.6
13364.935
5462.3477
6702.5005
4851.515
15484.393
5739.0015
8196.457
6691.7427
12999.575
2656.9268
4469.814
4285.292
6836.536
9032.694
10743.955
5945.2124
4580.091
5416.53
6460.935
11812.12
9000.675
5654.448
4794.2617
6908.7637
6565.6777
5578.4863
8268.25
3861.0874
1422.4745
7873.1694
12381.825
12899.628
17196.842
7627.726
25858.945
10663.003
10154.058
7729.5156
4723.5625
14109.714
4474.1
6475.135
11477.298
11792.494
0.0
7882.358
6558.643
9184.27
9468.131
8206.579
2740.6738
5689.57
5354.6934
7671.42
6242.675
3975.4407
1910.7233
5679.4307
8196.145
5085.641
5751.9473
9611.676
887.9394
5557.919
3251.3188
3240.8535
0.0
7647.931
314.9132
2495.6604
8944.633
10829.78
14310.566
15767.107
3534.4521
6668.674
6472.7314
8654.233
7876.6226
16387.338
5605.4307
2573.5276
3421.2976
637.2698
3673.4294
3577.6218
5448.5586
7364.1646
5231.464
2956.8728
4889.5376
8542.455
5527.4893
7219.794
5253.669
2558.4995
2163.35
3155.1663
8128.991
4859.8237
5067.7207
16657.547
13864.057
4443.1353
0.0
5363.3877
5798.8755
4119.324
5100.4727
6872.9604
3013.8813
7489.9727
7556.031
6037.029
3839.1592
2047.1284
4318.026
10224.588
5639.0283
7911.5938
2619.21
7853.7954
6121.3877
2505.518
3482.1929
5570.955
2793.5137
3221.3313
3888.3826
12721.117
9245.845
9136.61
1419.0017
1225.8544
2957.9495
5646.4404
11872.289
2486.7185
2279.89
4801.8604
2524.973
3584.8345
8004.4863
2648.7764
3325.9087
8474.421
3651.2947
7655.5806
2215.2773
5868.462
10756.43
5040.241
3372.3035
3377.5815
8065.207
4795.409
3592.3757
724.0186
5999.0713
1506.705
3813.76
4687.8047
7498.3535
5637.919
4291.8066
4634.851
8462.309
3068.2297
11471.336
2593.4739
5807.7227
8327.258
3000.923
9505.808
2249.5198
5897.886
4342.2314
2948.5078
4878.8706
429.6189
6736.5176
2730.0432
6718.5977
2065.113
5747.79
2931.5618
2628.8982
7318.1455
2811.195
7501.8677
2267.3418
7606.8457
3765.2336
489.2165
711.3578
2076.1125
5100.8086
5860.5527
612.4106
4713.8
4299.8677
5214.918
6413.3496
2950.9563
4331.1113
4329.88
4130.599
6836.2617
967.6368
2618.3792
1275.3027
2268.509
596.604
2549.1826
1686.4213
1221.4758
388.42224
6411.0396
3340.7607
2041.6217
1219.8191
4344.374
6331.3394
623.20276
1960.591
2858.8826
3768.905
4157.608
400.29022
1232.2621
2251.99
9615.929
1859.466
993.0206
4281.983
6389.335
4532.689
1190.2234
2039.4829
2518.6978
4228.9453
3215.5735
3383.8882
3088.675
92.08336
1070.8356
2033.4531
1992.0748
2611.5835
10538.959
4909.428
1320.3363
2559.1633
3693.0334
6408.2275
2448.2117
4412.8022
7371.303
11110.884
6592.195
5310.885
4929.0063
7185.34
5273.0273
1326.7646
415.80038
5758.8774
1553.2037
3431.4524
5323.462
2762.0088
2199.702
1433.0526
2446.1787
7130.065
1617.2632
3414.4382
130.26779
0.0
4149.228
5505.393
3634.435
1882.8916
265.78424
4762.1733
3237.6726
4011.1226
5862.618
4591.4756
2513.2158
3117.1216
2162.032
2620.2322
1070.3575
6323.8413
475.97003
179.40437
4827.2764
6202.052
5493.5312
3613.7542
3850.8096
4477.5664
4592.588
4331.6953
7726.373
4645.0356
3777.0522
2364.5242
3398.6238
2955.2512
3056.595
838.58875
8501.213
4129.4043
4223.332
1737.8285
3194.827
4001.097
810.6795
2281.275
3031.792
2913.8044
753.57513
1470.1317
4099.5327
3063.1023
744.89087
4788.3735
7207.314
1699.6569
0.0
2209.4954
841.49
1343.9222
2887.5212
3752.2373
3051.175
3222.3718
3611.4465
1679.745
1652.6356
2172.2424
2053.3584
4017.1565
4450.041
4717.0215
1331.2065
4823.8765
4594.4556
1260.5242
912.0192
3420.6282
2611.7607
3017.8025
1285.038
3592.8538
5134.808
4009.8625
1502.5284
996.8068
3629.3618
4109.5586
5062.2417
2076.112
1566.0184
1470.7538
2139.555
1822.509
1927.0679
3011.993
2642.2888
2315.797
81.556305
2171.0273
2238.1892
2379.3005
4708.1655
2098.7336
822.7642
4370.5854
2921.6917
1388.2097
272.29477
1118.5188
2339.3196
1740.6622
799.6108
2643.663
4971.611
734.1717
1347.7719
514.2187
2614.9998
1486.9843
5127.2725
2500.186
1627.7311
4719.9395
2472.8972
9914.333
3087.7866
1346.3159
2585.3557
2202.7637
4782.375
0.0
3078.8328
2264.0437
4057.2466
971.37634
1616.4572
1463.3928
3026.2002
1472.6261
2747.7222
4161.8823
1557.6692
4615.794
2254.1047
1172.409
1833.9967
542.28345
924.41345
1646.8846
1530.0475
2126.2373
2383.7654
1621.5681
2278.1309
2353.4265
4083.6052
3586.6582
2312.029
2946.45
768.6839
4354.773
363.04306
2006.8356
534.3899
2679.4788
2285.0415
5004.198
0.0
